shape reflected_snub_cube {
	vertices {
		<0.49444169819714845, 0.2851510996407894, -0.821106727202724>,
		<-0.2851510996407894, 0.49444169819714845, -0.821106727202724>,
		<-0.49444169819714845, -0.2851510996407894, -0.821106727202724>,
		<0.2851510996407894, -0.49444169819714845, -0.821106727202724>,
		<-0.821106727202724, -0.49444169819714845, -0.2851510996407894>,
		<-0.821106727202724, 0.2851510996407894, -0.49444169819714845>,
		<-0.821106727202724, 0.49444169819714845, 0.2851510996407894>,
		<-0.821106727202724, -0.2851510996407894, 0.49444169819714845>,
		<0.49444169819714845, -0.821106727202724, -0.2851510996407894>,
		<-0.2851510996407894, -0.821106727202724, -0.49444169819714845>,
		<-0.49444169819714845, -0.821106727202724, 0.2851510996407894>,
		<0.2851510996407894, -0.821106727202724, 0.49444169819714845>,
		<0.821106727202724, 0.49444169819714845, -0.2851510996407894>,
		<0.821106727202724, -0.2851510996407894, -0.49444169819714845>,
		<0.821106727202724, -0.49444169819714845, 0.2851510996407894>,
		<0.821106727202724, 0.2851510996407894, 0.49444169819714845>,
		<-0.49444169819714845, 0.821106727202724, -0.2851510996407894>,
		<0.2851510996407894, 0.821106727202724, -0.49444169819714845>,
		<0.49444169819714845, 0.821106727202724, 0.2851510996407894>,
		<-0.2851510996407894, 0.821106727202724, 0.49444169819714845>,
		<0.49444169819714845, -0.2851510996407894, 0.821106727202724>,
		<-0.2851510996407894, -0.49444169819714845, 0.821106727202724>,
		<-0.49444169819714845, 0.2851510996407894, 0.821106727202724>,
		<0.2851510996407894, 0.49444169819714845, 0.821106727202724>,
 }
	faces {
		[0, 3, 2, 1],
		[2, 3, 9],
		[1, 2, 5],
		[0, 1, 17],
		[0, 13, 3],
		[2, 4, 5],
		[3, 8, 9],
		[3, 13, 8],
		[2, 9, 4],
		[0, 17, 12],
		[1, 5, 16],
		[1, 16, 17],
		[0, 12, 13],
		[5, 6, 16],
		[4, 9, 10],
		[8, 13, 14],
		[12, 17, 18],
		[8, 11, 10, 9],
		[16, 19, 18, 17],
		[4, 7, 6, 5],
		[12, 15, 14, 13],
		[6, 19, 16],
		[4, 10, 7],
		[8, 14, 11],
		[12, 18, 15],
		[15, 18, 23],
		[7, 10, 21],
		[11, 14, 20],
		[14, 15, 20],
		[10, 11, 21],
		[6, 22, 19],
		[6, 7, 22],
		[18, 19, 23],
		[19, 22, 23],
		[15, 23, 20],
		[11, 20, 21],
		[7, 21, 22],
		[20, 23, 22, 21],
	}
}
