shape snub_prism3 {
	vertices {
		<-0.23692251346349463, -0.034196819231307796, -0.9709265163587826>,
		<0.08884594254881055, 0.22227932500350084, -0.9709265163587826>,
		<0.14807657091468399, -0.18808250577219304, -0.9709265163587824>,
		<0.14807657091468415, 0.18808250577219304, 0.9709265163587826>,
		<-0.23692251346349452, 0.034196819231307844, 0.9709265163587826>,
		<0.08884594254881034, -0.22227932500350076, 0.9709265163587824>,
		<-0.4442297127440521, -0.35906660192873213, 0.5471491077009252>,
		<-0.5034603411099257, -0.3248697826974243, -0.4103618307756939>,
		<-0.08884594254881033, -0.5642475173165791, -0.547149107700925>,
		<-0.02961531418293671, -0.5984443365478869, 0.4103618307756938>,
		<0.5330756552928625, -0.2051809153878473, 0.547149107700925>,
		<0.5330756552928625, -0.2735745538504629, -0.4103618307756938>,
		<0.5330756552928627, 0.20518091538784652, -0.5471491077009252>,
		<0.5330756552928627, 0.2735745538504622, 0.4103618307756939>,
		<-0.0888459425488103, 0.5642475173165793, 0.5471491077009252>,
		<-0.029615314182936673, 0.5984443365478871, -0.4103618307756939>,
		<-0.44422971274405226, 0.35906660192873235, -0.5471491077009252>,
		<-0.5034603411099258, 0.3248697826974245, 0.4103618307756939>,
 }
	faces {
		[15, 13, 12],
		[15, 12, 1],
		[15, 14, 13],
		[11, 12, 13, 10],
		[12, 2, 1],
		[13, 14, 3],
		[16, 15, 1],
		[12, 11, 2],
		[10, 13, 3],
		[15, 16, 17, 14],
		[1, 2, 0],
		[16, 1, 0],
		[14, 4, 3],
		[5, 10, 3],
		[14, 17, 4],
		[11, 8, 2],
		[11, 10, 9],
		[4, 5, 3],
		[2, 8, 0],
		[7, 16, 0],
		[17, 16, 7],
		[9, 10, 5],
		[11, 9, 8],
		[17, 6, 4],
		[8, 7, 0],
		[6, 5, 4],
		[17, 7, 6],
		[6, 9, 5],
		[7, 8, 9, 6],
	}
}
