Pressure
9
1.0d0
10.0d0
20.0d0
40.0d0
60.0d0
80.0d0
100.0d0
136.0d0
215.0d0
Diameter
12
1.0d0
3.0d0
5.0d0
7.0d0
10.0d0
20.0d0
30.0d0
50.0d0
100.0d0
200.0d0
400.0d0
100000.0d0
Rates (Columns are diameters, rows are pressures)
1.00000	1.00000	1.00000	1.00000	0.99965	0.99965	0.99965	0.99965	0.99784	0.98013	0.91700	0.26885
1.00000	0.99570	0.99295	0.99058	0.98668	0.96978	0.93550	0.85011	0.70157	0.55650	0.45868	0.18366
1.00000	0.99361	0.99526	0.99199	0.97243	0.90422	0.82020	0.70563	0.56051	0.44851	0.37906	0.17468
1.00000	0.99447	0.97946	0.95174	0.89498	0.75200	0.66151	0.56231	0.45086	0.37192	0.33397	0.16794
1.00000	0.98133	0.93786	0.88801	0.80858	0.65342	0.57274	0.48945	0.39803	0.33931	0.31280	0.16359
1.00000	0.96319	0.89627	0.83088	0.73989	0.59058	0.51045	0.43743	0.36890	0.32040	0.29980	0.15849
1.00000	0.95069	0.86646	0.79088	0.69381	0.55279	0.47711	0.41180	0.35346	0.31052	0.29334	0.15504
0.99000	0.93500	0.83000	0.74000	0.65000	0.51500	0.45000	0.39000	0.34000	0.30400	0.28900	0.15500
0.98000	0.91000	0.77000	0.67000	0.60000 0.48000	0.42500	0.37500	0.33200	0.30100	0.28700	0.15498
