           1  6.487607606686652E-008 GAS  -30228.3306035474     
   30183.1528920943        45.1777115179668       1.344002625195877E-004
  0.132291569397833        228497.785166063        405.000000000000     
   614.694683959755        597.043520013217     
           2 -1.312582753598690E-008 GAS  -30150.7039706334     
   30097.2840953418        53.4198752784551       1.362801413867404E-004
  0.132291569397833        227911.000737794        405.000000000000     
   623.536752731733        605.870494419207     
           3 -1.749867806211114E-009 GAS  -30074.9684747437     
   30012.0926503726        62.8758243693959       1.381638291917194E-004
  0.132291569397833        227338.511529037        405.000000000000     
   632.417324695510        614.694683959755     
           4 -5.960100679658353E-008 GAS  -30000.8688488555     
   29927.1631124038        73.7057363920633       1.400557196011695E-004
  0.132291569397833        226778.387960880        405.000000000000     
   641.357086773999        623.536752731733     
           5  3.117384039796889E-008 GAS  -29928.1687304925     
   29842.0755742293        86.0931562943822       1.419602196950874E-004
  0.132291569397833        226228.843355023        405.000000000000     
   650.376890632670        632.417324695510     
           6  5.910260370001197E-008 GAS  -29856.6477804529     
   29756.3988901714        100.248890340655       1.438817716497301E-004
  0.132291569397833        225688.212154069        405.000000000000     
   659.497854091983        641.357086773999     
           7  7.451308192685246E-008 GAS  -29786.0990876174     
   29669.6835317730        116.415555918976       1.458248743422149E-004
  0.132291569397833        225154.930304314        405.000000000000     
   668.741463069094        650.376890632670     
           8 -1.880471245385706E-008 GAS  -29716.3267880049     
   29581.4538848623        134.872903123865       1.477941050678747E-004
  0.132291569397833        224627.517258040        405.000000000000     
   678.129674905700        659.497854091983     
           9 -4.089815774932504E-008 GAS  -29647.1438331179     
   29491.1997882221        155.944044854976       1.497941415529129E-004
  0.132291569397833        224104.559104305        405.000000000000     
   687.685023910475        668.741463069094     
          10 -1.604348653927445E-008 GAS  -29578.3698467455     
   29398.3670904026        180.002756326842       1.518297844388462E-004
  0.132291569397833        223584.692368386        405.000000000000     
   697.430729925064        678.129674905700     
          11 -2.401066012680531E-009 GAS  -29509.8290110489     
   29302.3469782270        207.482032819496       1.539059804110794E-004
  0.132291569397833        223066.588032572        405.000000000000     
   707.390810709442        687.685023910475     
          12  2.801243681460619E-008 GAS  -29441.3479220903     
   29202.4637954871        238.884126631148       1.560278461411440E-004
  0.132291569397833        222548.935325976        405.000000000000     
   717.590198932744        697.430729925064     
          13  3.677996573969722E-009 GAS  -29372.7533519913     
   29097.9610311136        274.792320881368       1.582006932100748E-004
  0.132291569397833        222030.424808554        405.000000000000     
   728.054864546450        707.390810709442     
          14  2.018714440055192E-008 GAS  -29303.8698495791     
   28987.9851103028        315.884739296422       1.604300541784252E-004
  0.132291569397833        221509.730234246        405.000000000000     
   738.811943304142        717.590198932744     
          15  1.014268491417170E-008 GAS  -29234.5171035082     
   28871.5665661071        362.950537411279       1.627217099657308E-004
  0.132291569397833        220985.488618650        405.000000000000     
   749.889872171364        728.054864546450     
          16  2.948218025267124E-008 GAS  -29164.5069811996     
   28747.5981098177        416.908871411432       1.650817186978206E-004
  0.132291569397833        220456.277856186        405.000000000000     
   761.318532334370        738.811943304142     
          17  1.834632712416351E-008 GAS  -29093.6401431731     
   28614.8090479765        478.831095214967       1.675164461729702E-004
  0.132291569397833        219920.591127628        405.000000000000     
   773.129400459796        749.889872171364     
          18 -3.760578692890704E-008 GAS  -29021.7021150605     
   28471.7354224154        549.966692607531       1.700325980858102E-004
  0.132291569397833        219376.807208214        405.000000000000     
   785.355708768433        761.318532334370     
          19  3.484456101432443E-008 GAS  -28948.4586783032     
   28316.6851720712        631.773506266801       1.726372541289608E-004
  0.132291569397833        218823.155625648        405.000000000000     
   798.032614351501        773.129400459796     
          20 -2.279921318404377E-008 GAS  -28873.6504147330     
   28147.6975402298        725.952874480408       1.753379040636648E-004
  0.132291569397833        218257.675422255        405.000000000000     
   811.197377959548        785.355708768433     
          21 -3.776222001761198E-009 GAS  -28796.9862094113     
   27962.4958876381        834.490321769507       1.781424858084360E-004
  0.132291569397833        217678.166042552        405.000000000000     
   824.889552208536        798.032614351501     
          22  3.307650331407785E-008 GAS  -28718.1354797583     
   27758.4330195204        959.702460271046       1.810594255339216E-004
  0.132291569397833        217082.128592759        405.000000000000     
   839.151178744393        811.197377959548     
          23  4.620233085006475E-010 GAS  -28636.7188568309     
   27532.4281285696        1104.29072826171       1.840976796662448E-004
  0.132291569397833        216466.695400017        405.000000000000     
   854.026993345883        824.889552208536     
          24 -2.515662345103920E-008 GAS  -28552.2969965927     
   27280.8944992973        1271.40249727030       1.872667785815066E-004
  0.132291569397833        215828.545436096        405.000000000000     
   869.564637174361        839.151178744393     
          25  3.015884431079030E-009 GAS  -28464.3571456083     
   26999.6572585649        1464.69988704636       1.905768716097983E-004
  0.132291569397833        215163.802766667        405.000000000000     
   885.814871330657        854.026993345883     
          26 -1.310763764195144E-008 GAS  -28372.2970281396     
   26683.8607351046        1688.43629302192       1.940387727437575E-004
  0.132291569397833        214467.914752883        405.000000000000     
   902.831790468775        869.564637174361     
          27 -2.839442458935082E-008 GAS  -28275.4055627462     
   26327.8654701538        1947.54009256402       1.976640061461891E-004
  0.132291569397833        213735.506286989        405.000000000000     
   920.673029335274        885.814871330657     
          28  1.210355549119413E-008 GAS  -28172.8398607386     
   25925.1356879005        2247.70417285017       2.014648501505963E-004
  0.132291569397833        212960.205922238        405.000000000000     
   939.399953618015        902.831790468775     
          29 -2.511660568416119E-008 GAS  -28063.5979136324     
   25468.1192048157        2595.47870879157       2.054543779190233E-004
  0.132291569397833        212134.439415699        405.000000000000     
   959.077823233809        920.673029335274     
          30  6.573827704414725E-009 GAS  -27946.4863535097     
   24948.1234732589        2998.36288025736       2.096464922283683E-004
  0.132291569397833        211249.186026872        405.000000000000     
   979.775911964904        939.399953618015     
          31 -3.545210347510874E-008 GAS  -27820.0826858201     
   24355.1938951826        3464.88879060208       2.140559509573795E-004
  0.132291569397833        210293.693033139        405.000000000000     
   1001.56756194067        959.077823233809     
          32 -1.497028279118240E-008 GAS  -27682.6914729608     
   23678.0039294044        4004.68754354141       2.186983786932719E-004
  0.132291569397833        209255.144518788        405.000000000000     
   1024.53014460037        979.775911964904     
          33 -7.723429007455707E-009 GAS  -27532.2941227223     
   22903.7710738338        4628.52304888082       2.235902584153526E-004
  0.132291569397833        208118.281822827        405.000000000000     
   1048.74489120321        1001.56756194067     
          34 -3.257446223869920E-008 GAS  -27366.4922538382     
   22018.2187850383        5348.27346876734       2.287488953873878E-004
  0.132291569397833        206864.975435739        405.000000000000     
   1074.29654543375        1024.53014460037     
          35 -3.914465196430683E-009 GAS  -27182.4451304239     
   21005.6119707512        6176.83315966878       2.341923431497040E-004
  0.132291569397833        205473.752062610        405.000000000000     
   1101.27277802297        1048.74489120321     
          36 -2.946035237982869E-008 GAS  -26976.8024511557     
   19848.9029102074        7127.89954091889       2.399392788118198E-004
  0.132291569397833        203919.286572449        405.000000000000     
   1129.76328857331        1074.29654543375     
          37 -4.659887054003775E-008 GAS  -26745.6349330923     
   18530.0350772906        8215.59985575504       2.460088117079375E-004
  0.132291569397833        202171.877277089        405.000000000000     
   1159.85850324719        1101.27277802297     
          38 -3.581590135581791E-008 GAS  -26484.3667352518     
   17030.4636142520        9453.90312096400       2.524202059564235E-004
  0.132291569397833        200196.935116907        405.000000000000     
   1191.64775945789        1129.76328857331     
          39 -4.053617885801941E-008 GAS  -26187.7159062730     
   15331.9615885848        10855.7543176477       2.591924937317892E-004
  0.132291569397833        197954.533501074        405.000000000000     
   1225.21685175083        1159.85850324719     
          40 -3.734021447598934E-008 GAS  -25849.6517627693     
   13417.7879261833        12431.8638365486       2.663439524466065E-004
  0.132291569397833        195399.086127953        405.000000000000     
   1260.64479933460        1191.64775945789     
          41 -5.818037607241422E-008 GAS  -25463.3813847919     
   11274.2917408104        14189.0896439233       2.738914161160147E-004
  0.132291569397833        192479.244903485        405.000000000000     
   1297.99968932515        1225.21685175083     
          42 -4.822504706680775E-008 GAS  -25021.3810930749     
   8893.01247824514        16128.3686147816       2.818493898149390E-004
  0.132291569397833        189138.137879592        405.000000000000     
   1337.33345662829        1260.64479933460     
          43 -7.200651452876627E-008 GAS  -24515.4924803134     
   6273.29782860063        18242.1946516407       2.902289375999034E-004
  0.132291569397833        185314.095160435        405.000000000000     
   1378.67548944894        1297.99968932515     
          44 -7.263952284120023E-008 GAS  -23937.1056410653     
   3425.39265690212        20511.7129840905       2.990363202459221E-004
  0.132291569397833        180942.033948366        405.000000000000     
   1422.02500850649        1337.33345662829     
          45 -7.664493750780821E-008 GAS  -23277.4536491510     
   373.844172540790        22903.6094765335       3.082713717373904E-004
  0.132291569397833        175955.684516448        405.000000000000     
   1467.34226907685        1378.67548944894     
          46 -7.840571925044060E-008 GAS  -22528.0406461919     
  -2839.08205209687        25367.1226982103       3.179256249775236E-004
  0.132291569397833        170290.826155706        405.000000000000     
   1514.53878823186        1422.02500850649     
          47 -9.014547686092556E-008 GAS  -21681.2194106789     
  -6150.46645078815        27831.6858613769       3.279802298287554E-004
  0.132291569397833        163889.653054747        405.000000000000     
   1563.46701161954        1467.34226907685     
          48 -8.938150131143630E-008 GAS  -20730.9212272646     
  -9474.96749747683        30205.8887246520       3.384037517546010E-004
  0.132291569397833        156706.291426036        405.000000000000     
   1613.91010310617        1514.53878823186     
          49 -9.150608093477786E-008 GAS  -19673.5200043245     
  -12705.0660564774        32378.5860607104       3.491499966356406E-004
  0.132291569397833        148713.331422968        405.000000000000     
   1665.57285106525        1563.46701161954     
          50 -9.183531801681966E-008 GAS  -18508.7838474181     
  -15714.2117453107        34222.9955926369       3.601560734726035E-004
  0.132291569397833        139909.020141394        405.000000000000     
   1718.07500217582        1613.91010310617     
          51 -8.518327376805246E-008 GAS  -17240.8327178854     
  -18363.6051297280        35604.4378475281       3.713409742387463E-004
  0.132291569397833        130324.500619068        405.000000000000     
   1770.94859948731        1665.57285106525     
          52 -8.427741704508662E-008 GAS  -15878.9852065763     
  -20512.9148534881        36391.9000599801       3.826050067891949E-004
  0.132291569397833        120030.212649639        405.000000000000     
   1823.64103664315        1718.07500217582     
          53 -8.103233994916081E-008 GAS  -14438.3485933734     
  -22034.4892542998        36472.8378475922       3.938304455235624E-004
  0.132291569397833        109140.353078387        405.000000000000     
   1875.52545181438        1770.94859948731     
          54 -7.708877092227340E-008 GAS  -12939.9941285310     
  -22829.6504289230        35769.6445573769       4.048837456783951E-004
  0.132291569397833        97814.2007645041        405.000000000000     
   1925.91968508298        1823.64103664315     
          55 -6.748814485035837E-008 GAS  -11410.5738349190     
  -22844.6572439342        34255.2310787857       4.156195819512343E-004
  0.132291569397833        86253.2199660027        405.000000000000     
   1974.11425470565        1875.52545181438     
          56 -5.948822945356369E-008 GAS  -9881.28308117614     
  -22083.2096790699        31964.4927601866       4.258868084799326E-004
  0.132291569397833        74693.2183672317        405.000000000000     
   2019.40867513713        1925.91968508298     
          57 -4.680987331084907E-008 GAS  -8386.15534180066     
  -20612.2927549136        28998.4480966675       4.355361959253902E-004
  0.132291569397833        63391.4570669385        405.000000000000     
   2061.15403487307        1974.11425470565     
          58 -4.026514943689108E-008 GAS  -6959.78367358586     
  -18558.9738894447        25518.7575629903       4.444295021274482E-004
  0.132291569397833        52609.4270803915        405.000000000000     
   2098.79826726663        2019.40867513713     
          59 -3.100467438343912E-008 GAS  -5634.67986434253     
  -16097.4690450331        21732.1489093447       4.524491164638676E-004
  0.132291569397833        42592.8869843374        405.000000000000     
   2131.92926366267        2061.15403487307     
          60 -2.525848685763776E-008 GAS  -4438.58231521887     
  -13428.0360162776        17866.6183314713       4.595072445430856E-004
  0.132291569397833        33551.5130361102        405.000000000000     
   2160.31022465463        2098.79826726663     
          61 -1.817352313082665E-008 GAS  -3392.08103318603     
  -10751.4001865511        14143.4812197190       4.655534393299217E-004
  0.132291569397833        25640.9463477239        405.000000000000     
   2183.90172919237        2131.92926366267     
          62 -1.335502020083368E-008 GAS  -2506.92133079064     
  -8243.74040601633        10750.6617367936       4.705793026821231E-004
  0.132291569397833        18949.9704493769        405.000000000000     
   2202.86611943030        2160.31022465463     
          63 -8.394636097364128E-009 GAS  -1785.26789842146     
  -6037.23414777620        7822.50204618927       4.746194194852360E-004
  0.132291569397833        13494.9483670628        405.000000000000     
   2217.55195242667        2183.90172919237     
          64 -5.835318006575108E-009 GAS  -1220.06596896679     
  -4209.71163590212        5429.77760486307       4.777480452892775E-004
  0.132291569397833        9222.55268812902        405.000000000000     
   2228.45920921985        2202.86611943030     
          65 -4.126832209294662E-009 GAS  -796.452324527298     
  -2784.55775462485        3581.01007914802       4.800716945547243E-004
  0.132291569397833        6020.43144663415        405.000000000000     
   2236.18918407288        2217.55195242667     
          66 -2.602291715447791E-009 GAS  -493.984831816503     
  -1739.44737499783        2233.43220681173       4.817184652074846E-004
  0.132291569397833        3734.06131671905        405.000000000000     
   2241.38584015997        2228.45920921985     
          67 -8.044480637181550E-010 GAS  -289.317105880282     
  -1020.63586905411        1309.95297493359       4.828255452303101E-004
  0.132291569397833        2186.96555795052        405.000000000000     
   2244.67721809244        2236.18918407288     
          68 -8.571987564209849E-010 GAS  -158.878322579615     
  -558.847892670410        717.726215249167       4.835267305109079E-004
  0.132291569397833        1200.97088047863        405.000000000000     
   2246.62565822265        2241.38584015997     
          69 -9.629843589209486E-010 GAS  -81.1429052404253     
  -283.309351032999        364.452256272461       4.839418203509261E-004
  0.132291569397833        613.364144138382        405.000000000000     
   2247.69388442062        2244.67721809244     
          70 -7.654250566702103E-010 GAS  -38.1851285844933     
  -131.736579367470        169.921707951198       4.841693920554648E-004
  0.132291569397833        288.643703890618        405.000000000000     
   2248.23058584857        2246.62565822265     
          71 -1.056477572092263E-009 GAS  -16.3841226624864     
  -55.5737436366299        71.9578662980599       4.842837293175715E-004
  0.132291569397833        123.848577328578        405.000000000000     
   2248.47476494879        2247.69388442062     
          72 -1.008984895634057E-009 GAS  -6.33456154491201     
  -21.0030932000922        27.3376547439952       4.843357485005461E-004
  0.132291569397833        47.8833350737750        405.000000000000     
   2248.57402861225        2248.23058584857     
          73 -1.096510438003406E-009 GAS  -2.17829674401157     
  -7.01135439665847        9.18965113957353       4.843568953336180E-004
  0.132291569397833        16.4658772582922        405.000000000000     
   2248.60955950106        2248.47476494879     
          74 -9.817004986700795E-010 GAS -0.656860350762119     
  -2.03554708165033        2.69240743143075       4.843644647275788E-004
  0.132291569397833        4.96524724706213        405.000000000000     
   2248.62058257229        2248.57402861225     
          75 -1.089204060278348E-009 GAS -0.171086603485604     
 -0.505486255713909       0.676572858110309       4.843668130496073E-004
  0.132291569397833        1.29325401659651        405.000000000000     
   2248.62349792558        2248.60955950106     
          76 -1.044981323694572E-009 GAS -3.788565563175424E-002
 -0.105533782215960       0.143419436802733       4.843674341277271E-004
  0.132291569397833       0.286379969670046        405.000000000000     
   2248.62414423898        2248.62058257229     
          77 -1.037401886616607E-009 GAS -7.018199104536578E-003
 -1.820425991787693E-002  2.522245798501163E-002  4.843675718163973E-004
  0.132291569397833       5.305099286736207E-002   405.000000000000     
   2248.62426235770        2248.62349792558     
          78 -1.071503179586597E-009 GAS -1.070211204178422E-003
 -2.550830214346609E-003  3.621040347021851E-003  4.843675969800580E-004
  0.132291569397833       8.089791428507700E-003   405.000000000000     
   2248.62427987216        2248.62414423898     
          79 -1.063164883875149E-009 GAS -1.322242652386771E-004
 -2.858018632760886E-004  4.180250653498818E-004  4.843676007112890E-004
  0.132291569397833       9.994912437771934E-004   405.000000000000     
   2248.62428194352        2248.62426235770     
          80 -1.109335661122302E-009 GAS -1.190769992386862E-005
 -2.732201692083176E-005  3.922860750903927E-005  4.843676011525663E-004
  0.132291569397833       9.001102623598981E-005   405.000000000000     
   2248.62428194352        2248.62427987216     
           1  -2303.90171768199        2303.90171737778     
 -3.042173375433777E-007  -544.851507841822       0.132291569397833     
           2  -2298.68227098467        2298.68227083527     
 -1.493926902185194E-007  -545.482835192269       0.132291569397833     
           3  -2293.45280204115        2293.45280219001     
  1.488533598603681E-007  -547.353731595562       0.132291569397833     
           4  -2288.20139657424        2288.20139625146     
 -3.227783054171596E-007  -550.466986359191       0.132291569397833     
           5  -2282.91608811091        2282.91608841805     
  3.071418177569285E-007  -554.830930852133       0.132291569397833     
           6  -2277.58480480432        2277.58480465737     
 -1.469561539124697E-007  -560.459439364204       0.132291569397833     
           7  -2272.19531608251        2272.19531609326     
  1.074749889085069E-008  -567.371968259694       0.132291569397833     
           8  -2266.73517875462        2266.73517861967     
 -1.349480953649618E-007  -575.593632871215       0.132291569397833     
           9  -2261.19168221334        2261.19168208999     
 -1.233461262017954E-007  -585.155321912137       0.132291569397833     
          10  -2255.55179236319        2255.55179237548     
  1.229182089446113E-008  -596.093849490093       0.132291569397833     
          11  -2249.80209391168        2249.80209391944     
  7.765265763737261E-009  -608.452145089935       0.132291569397833     
          12  -2243.92873064865        2243.92873039902     
 -2.496290107956156E-007  -622.279482154405       0.132291569397833     
          13  -2237.91734333394        2237.91734330715     
 -2.679325916687958E-008  -637.631746130752       0.132291569397833     
          14  -2231.75300480838        2231.75300489848     
  9.009909263113514E-008  -654.571743068719       0.132291569397833     
          15  -2225.42015192724        2225.42015182411     
 -1.031330612022430E-007  -673.169550043825       0.132291569397833     
          16  -2218.90251390033        2218.90251384276     
 -5.757010512752458E-008  -693.502908838065       0.132291569397833     
          17  -2212.18303661645        2212.18303660211     
 -1.433591023669578E-008  -715.657664434058       0.132291569397833     
          18  -2205.24380250944        2205.24380262103     
  1.115818122343626E-007  -739.728249952711       0.132291569397833     
          19  -2198.06594550729        2198.06594544101     
 -6.627851689700037E-008  -765.818219682191       0.132291569397833     
          20  -2190.62956059009        2190.62956067170     
  8.161532605299726E-008  -794.040831790554       0.132291569397833     
          21  -2182.91360747137        2182.91360760749     
  1.361149770673364E-007  -824.519682167626       0.132291569397833     
          22  -2174.89580790186        2174.89580784903     
 -5.283982318360358E-008  -857.389390575772       0.132291569397833     
          23  -2166.55253608116        2166.55253604905     
 -3.210379873053171E-008  -892.796339873632       0.132291569397833     
          24  -2157.85870166636        2157.85870160202     
 -6.433356247725897E-008  -930.899468477994       0.132291569397833     
          25  -2148.78762486226        2148.78762492917     
  6.691152520943433E-008  -971.871115387727       0.132291569397833     
          26  -2139.31090309055        2139.31090301538     
 -7.516200639656745E-008  -1015.89791595691       0.132291569397833     
          27  -2129.39826875791        2129.39826875186     
 -6.057234713807702E-009  -1063.18174509200       0.132291569397833     
          28  -2119.01743768654        2119.01743764258     
 -4.396224539959803E-008  -1113.94070256952       0.132291569397833     
          29  -2108.13394783078        2108.13394783244     
  1.659373083384708E-009  -1168.41013260580       0.132291569397833     
          30  -2096.71098799259        2096.71098797746     
 -1.513035385869443E-008  -1226.84366651834       0.132291569397833     
          31  -2084.70921637695        2084.70921638163     
  4.677531251218170E-009  -1289.51427312467       0.132291569397833     
          32  -2072.08656899812        2072.08656897526     
 -2.285605660290457E-008  -1356.71529621105       0.132291569397833     
          33  -2058.79805817802        2058.79805816748     
 -1.053740561474115E-008  -1428.76145170974       0.132291569397833     
          34  -2044.79556167901        2044.79556167777     
 -1.237140168086626E-009  -1505.98974882779       0.132291569397833     
          35  -2030.02760340682        2030.02760338968     
 -1.714215613901615E-008  -1588.76028888664       0.132291569397833     
          36  -2014.43912712304        2014.43912713895     
  1.590569809195586E-008  -1677.45688258901       0.132291569397833     
          37  -1997.97126525583        1997.97126523017     
 -2.566116563684773E-008  -1772.48741027156       0.132291569397833     
          38  -1980.56110571429        1980.56110571811     
  3.827835826086812E-009  -1874.28382975169       0.132291569397833     
          39  -1962.14146064932        1962.14146065437     
  5.051788320997730E-009  -1983.30171185254       0.132291569397833     
          40  -1942.64064240031        1942.64064240201     
  1.700300344964489E-009  -2100.01915366044       0.132291569397833     
          41  -1921.98225348448        1921.98225349165     
  7.175003702286631E-009  -2224.93488296690       0.132291569397833     
          42  -1900.08499949917        1900.08499949692     
 -2.257365849800408E-009  -2358.56532297101       0.132291569397833     
          43  -1876.86253628725        1876.86253629412     
  6.870550350868143E-009  -2501.44033281669       0.132291569397833     
          44  -1852.22336576903        1852.22336576475     
 -4.281218934920616E-009  -2654.09727549448       0.132291569397833     
          45  -1826.07079857209        1826.07079856659     
 -5.503125066752546E-009  -2817.07298859045       0.132291569397833     
          46  -1798.30300612025        1798.30300612157     
  1.318767317570746E-009  -2990.89314398074       0.132291569397833     
          47  -1768.81319030980        1768.81319031079     
  9.945324563886970E-010  -3176.05837882755       0.132291569397833     
          48  -1737.48990544218        1737.48990544374     
  1.566377250128426E-009  -3373.02646176220       0.132291569397833     
          49  -1704.21757484450        1704.21757484394     
 -5.604761099675670E-010  -3582.18962574824       0.132291569397833     
          50  -1668.87725371119        1668.87725370977     
 -1.423586581950076E-009  -3803.84605551862       0.132291569397833     
          51  -1631.34770022598        1631.34770022414     
 -1.836497176554985E-009  -4038.16436842865       0.132291569397833     
          52  -1591.50682898054        1591.50682897960     
 -9.406448953086510E-010  -4285.13978342240       0.132291569397833     
          53  -1549.23363396548        1549.23363396500     
 -4.829416866414249E-010  -4544.54055075596       0.132291569397833     
          54  -1504.41068263179        1504.41068263092     
 -8.685674401931465E-010  -4815.84314218520       0.132291569397833     
          55  -1456.92729703665        1456.92729703645     
 -1.921307557495311E-010  -5098.15471841799       0.132291569397833     
          56  -1406.68355173886        1406.68355173907     
  2.103206497849897E-010  -5390.12155774511       0.132291569397833     
          57  -1353.59522903133        1353.59522903135     
  2.387423592153937E-011  -5689.82253241107       0.132291569397833     
          58  -1297.59987743703        1297.59987743733     
  2.942215360235423E-010  -5994.64747593092       0.132291569397833     
          59  -1238.66411494616        1238.66411494607     
 -9.367795428261161E-011  -6301.16155433124       0.132291569397833     
          60  -1176.79229825224        1176.79229825210     
 -1.446096575818956E-010  -6604.95874321209       0.132291569397833     
          61  -1112.03663502942        1112.03663502942     
 -6.821210263296962E-013  -6900.51047487947       0.132291569397833     
          62  -1044.50873718493        1044.50873718514     
  2.071374183287844E-010  -7181.01974849294       0.132291569397833     
          63  -974.392485221977        974.392485221810     
 -1.665512172621675E-010  -7438.29679186221       0.132291569397833     
          64  -901.957880911247        901.957880911209     
 -3.842615114990622E-011  -7662.67996647914       0.132291569397833     
          65  -827.575289504853        827.575289504830     
 -2.341948857065290E-011  -7843.03506886693       0.132291569397833     
          66  -751.729097315911        751.729097315965     
  5.309175321599469E-011  -7966.87714428109       0.132291569397833     
          67  -675.029326345856        675.029326345893     
  3.694822225952521E-011  -8020.67028446783       0.132291569397833     
          68  -598.219162364995        598.219162364995     
 -2.273736754432321E-013  -7990.37027964952       0.132291569397833     
          69  -522.175706079830        522.175706079841     
  1.102762325899675E-011  -7862.27822912821       0.132291569397833     
          70  -447.900641673374        447.900641673386     
  1.205080479849130E-011  -7624.26360094943       0.132291569397833     
          71  -376.497105019773        376.497105019789     
  1.608668753760867E-011  -7267.38330963375       0.132291569397833     
          72  -309.129100031414        309.129100031414     
 -3.410605131648481E-013  -6787.85760247272       0.132291569397833     
          73  -246.960740228186        246.960740228186     
  4.547473508864641E-013  -6189.25305344063       0.132291569397833     
          74  -191.074839099263        191.074839099266     
  2.899014361901209E-012  -5484.56398379570       0.132291569397833     
          75  -142.374337922807        142.374337922816     
  9.208633855450898E-012  -4697.69075193848       0.132291569397833     
          76  -101.475831448130        101.475831448129     
 -6.821210263296962E-013  -3863.63514953359       0.132291569397833     
          77  -68.6114009364177        68.6114009364173     
 -3.836930773104541E-013  -3026.66638837531       0.132291569397833     
          78  -43.5612817382141        43.5612817382137     
 -3.765876499528531E-013  -2235.89874698059       0.132291569397833     
          79  -25.6423613207505        25.6423613207514     
  9.023892744153272E-013  -1538.30877576679       0.132291569397833     
          80  -13.7720426447958        13.7720426447965     
  6.803446694902959E-013  -970.241538914063       0.132291569397833     
