shape reflected_snub_dodecahedron {
	vertices {
		<0.10203090883483207, -0.6547673082171543, -0.7488981762469439>,
		<-0.0385771753866022, -0.2390235549443203, -0.9702450807634813>,
		<-0.5069112584265679, -0.15292332267041914, -0.8483240536165532>,
		<-0.655750688734473, -0.5154589793870031, -0.5516237155431833>,
		<-0.2794046359762923, -0.8256232369604012, -0.4901737441188127>,
		<0.5160464019327283, 0.4157366477182713, -0.7488974947240142>,
		<0.2262960739257631, 0.08610260079191749, -0.9702443992405517>,
		<0.38589326473676216, -0.3625193887959803, -0.8483262145460887>,
		<0.7742766988368549, -0.3101595816776857, -0.5516230333302556>,
		<0.8547157547709774, 0.17083972196283512, -0.4901730839856979>,
		<-0.6180755556211746, 0.23902234605221925, -0.748896031732252>,
		<-0.18771968576033857, 0.15291974526017338, -0.9702457787012544>,
		<0.1210197488361916, 0.51544150257417, -0.8483275940067914>,
		<-0.11852679069625259, 0.8256149225138658, -0.5516243914011435>,
		<-0.5753147558495809, 0.6547660993250533, -0.4901757415850013>,
		<-0.8839002032136409, -0.4157545862560281, -0.21416276438693443>,
		<-0.8154998288398584, -0.08611137696337634, -0.5723122158572813>,
		<-0.8531780850023876, 0.3625177181789557, -0.3750421537037818>,
		<-0.9448604519728282, 0.31015791106066115, 0.10502906164786081>,
		<-0.9638495585623931, -0.1708437610980044, 0.20445722417154816>,
		<0.8020039175114385, -0.5575934813875799, -0.2141632846085396>,
		<0.4823236712627543, -0.6631729159465671, -0.5723155792213497>,
		<0.11262399453434399, -0.9201314454818599, -0.3750413750869697>,
		<0.20381950412582553, -0.9733534414406974, 0.10502851934644254>,
		<0.6298824946068753, -0.7492802537749026, 0.20445798139854537>,
		<0.08189832190967573, 0.9733539032012435, -0.21416299662466987>,
		<0.33318072952483385, 0.7492807155354486, -0.5723153126272948>,
		<0.7405532702144915, 0.5575963116662709, -0.3750411298827297>,
		<0.7410429707998618, 0.6631896456278454, 0.10502880802031052>,
		<0.3339719433694023, 0.9201390127968402, 0.20445694846418472>,
		<-0.20381880617101758, -0.973356271719645, -0.1050287859397672>,
		<-0.629878940191042, -0.7492969834564378, -0.20445697054326767>,
		<-0.8020032195566306, -0.5576010487028171, 0.2141630180152149>,
		<-0.48232297330794643, -0.66317337770737, 0.572315312628025>,
		<-0.11262329657953607, -0.9201319072426628, 0.375041108493645>,
		<-0.7405539681644624, 0.557593481387323, 0.3750413964775148>,
		<-0.741046525210858, 0.6631729159463102, -0.10502981887412785>,
		<-0.33397264131937326, 0.9201314454816031, -0.20445668186939972>,
		<-0.08189901985964668, 0.9733534414404406, 0.21416326321945495>,
		<-0.3331814274748048, 0.7492802537746458, 0.5723155792220799>,
		<0.9448604519752468, 0.3101683578486309, -0.10502906164713062>,
		<0.9638495585648117, -0.17083805134632415, -0.20445722417081796>,
		<0.8839030596770849, -0.4157349771017604, 0.214164041836267>,
		<0.815499828842277, -0.08609856165726178, 0.5723122158580115>,
		<0.8531752285437807, 0.36253732733322336, 0.3750408762559096>,
		<-0.3858932647343437, -0.3625193887959803, 0.8483262145468188>,
		<-0.7742766988344364, -0.3101595816776857, 0.5516230333309858>,
		<-0.8547157547685588, 0.17083972196283512, 0.49017308398642806>,
		<-0.5160464019303098, 0.4157366477182713, 0.7488974947247444>,
		<-0.22629607392334455, 0.08610260079191749, 0.9702443992412819>,
		<0.5069115250171917, -0.15291974526043017, 0.8483247515550565>,
		<0.6557538117861221, -0.5154415025744268, 0.551625690930289>,
		<0.2794049025669161, -0.8256149225141227, 0.490174442057316>,
		<-0.10203064224420823, -0.6547660993253102, 0.7488988741854471>,
		<0.03857744197722605, -0.23902234605247605, 0.9702457787019846>,
		<-0.1210200154219784, 0.5154427114660142, 0.8483268960697484>,
		<0.11852652411046578, 0.8256184999238548, 0.5516236934641005>,
		<0.5753116328027691, 0.6547835761376297, 0.49017376619935593>,
		<0.6180752890353878, 0.2390306604984978, 0.748895333795209>,
		<0.1877194191745518, 0.1529209541520176, 0.9702450807642115>,
 }
	faces {
		[1, 11, 6],
		[6, 11, 12],
		[1, 6, 7],
		[1, 2, 11],
		[5, 6, 12],
		[0, 1, 7],
		[2, 10, 11],
		[5, 12, 26],
		[0, 7, 21],
		[2, 16, 10],
		[10, 14, 13, 12, 11],
		[0, 4, 3, 2, 1],
		[5, 9, 8, 7, 6],
		[12, 13, 26],
		[7, 8, 21],
		[2, 3, 16],
		[0, 21, 22],
		[5, 26, 27],
		[10, 16, 17],
		[10, 17, 14],
		[0, 22, 4],
		[5, 27, 9],
		[13, 25, 26],
		[8, 20, 21],
		[3, 15, 16],
		[13, 14, 37],
		[3, 4, 31],
		[8, 9, 41],
		[14, 17, 36],
		[13, 37, 25],
		[4, 22, 30],
		[8, 41, 20],
		[3, 31, 15],
		[9, 27, 40],
		[14, 36, 37],
		[4, 30, 31],
		[9, 40, 41],
		[20, 24, 23, 22, 21],
		[25, 29, 28, 27, 26],
		[15, 19, 18, 17, 16],
		[17, 18, 36],
		[22, 23, 30],
		[27, 28, 40],
		[15, 31, 32],
		[20, 41, 42],
		[25, 37, 38],
		[25, 38, 29],
		[15, 32, 19],
		[20, 42, 24],
		[28, 44, 40],
		[18, 35, 36],
		[23, 34, 30],
		[40, 44, 43, 42, 41],
		[30, 34, 33, 32, 31],
		[35, 39, 38, 37, 36],
		[18, 19, 47],
		[28, 29, 57],
		[23, 24, 52],
		[19, 32, 46],
		[28, 57, 44],
		[18, 47, 35],
		[29, 38, 56],
		[23, 52, 34],
		[24, 42, 51],
		[19, 46, 47],
		[29, 56, 57],
		[24, 51, 52],
		[32, 33, 46],
		[42, 43, 51],
		[38, 39, 56],
		[44, 57, 58],
		[35, 47, 48],
		[34, 52, 53],
		[43, 44, 58],
		[35, 48, 39],
		[33, 34, 53],
		[43, 50, 51],
		[33, 45, 46],
		[39, 55, 56],
		[45, 49, 48, 47, 46],
		[55, 59, 58, 57, 56],
		[50, 54, 53, 52, 51],
		[43, 58, 50],
		[39, 48, 55],
		[33, 53, 45],
		[50, 58, 59],
		[48, 49, 55],
		[45, 53, 54],
		[50, 59, 54],
		[49, 59, 55],
		[45, 54, 49],
		[49, 54, 59],
	}
}
