shape snub_cube {
	vertices {
		<-0.49444169819714845, -0.2851510996407894, 0.821106727202724>,
		<0.2851510996407894, -0.49444169819714845, 0.821106727202724>,
		<0.49444169819714845, 0.2851510996407894, 0.821106727202724>,
		<-0.2851510996407894, 0.49444169819714845, 0.821106727202724>,
		<0.821106727202724, 0.49444169819714845, 0.2851510996407894>,
		<0.821106727202724, -0.2851510996407894, 0.49444169819714845>,
		<0.821106727202724, -0.49444169819714845, -0.2851510996407894>,
		<0.821106727202724, 0.2851510996407894, -0.49444169819714845>,
		<-0.49444169819714845, 0.821106727202724, 0.2851510996407894>,
		<0.2851510996407894, 0.821106727202724, 0.49444169819714845>,
		<0.49444169819714845, 0.821106727202724, -0.2851510996407894>,
		<-0.2851510996407894, 0.821106727202724, -0.49444169819714845>,
		<-0.821106727202724, -0.49444169819714845, 0.2851510996407894>,
		<-0.821106727202724, 0.2851510996407894, 0.49444169819714845>,
		<-0.821106727202724, 0.49444169819714845, -0.2851510996407894>,
		<-0.821106727202724, -0.2851510996407894, -0.49444169819714845>,
		<0.49444169819714845, -0.821106727202724, 0.2851510996407894>,
		<-0.2851510996407894, -0.821106727202724, 0.49444169819714845>,
		<-0.49444169819714845, -0.821106727202724, -0.2851510996407894>,
		<0.2851510996407894, -0.821106727202724, -0.49444169819714845>,
		<-0.49444169819714845, 0.2851510996407894, -0.821106727202724>,
		<0.2851510996407894, 0.49444169819714845, -0.821106727202724>,
		<0.49444169819714845, -0.2851510996407894, -0.821106727202724>,
		<-0.2851510996407894, -0.49444169819714845, -0.821106727202724>,
 }
	faces {
		[21, 22, 23, 20],
		[20, 23, 15],
		[21, 20, 11],
		[23, 22, 19],
		[22, 21, 7],
		[23, 18, 15],
		[20, 15, 14],
		[21, 11, 10],
		[22, 7, 6],
		[20, 14, 11],
		[21, 10, 7],
		[19, 22, 6],
		[23, 19, 18],
		[16, 19, 6],
		[7, 10, 4],
		[11, 14, 8],
		[15, 18, 12],
		[17, 18, 19, 16],
		[5, 6, 7, 4],
		[13, 14, 15, 12],
		[9, 10, 11, 8],
		[18, 17, 12],
		[14, 13, 8],
		[16, 6, 5],
		[10, 9, 4],
		[4, 9, 2],
		[12, 17, 0],
		[13, 12, 0],
		[16, 5, 1],
		[9, 8, 3],
		[8, 13, 3],
		[17, 16, 1],
		[5, 4, 2],
		[9, 3, 2],
		[5, 2, 1],
		[17, 1, 0],
		[3, 13, 0],
		[1, 2, 3, 0],
	}
}
