shape snub_dodecahedron {
	vertices {
		<-0.10203090883483207, 0.6547673082171543, 0.7488981762469439>,
		<0.03857717538660221, 0.2390235549443203, 0.9702450807634813>,
		<0.5069112584265679, 0.15292332267041914, 0.8483240536165532>,
		<0.655750688734473, 0.5154589793870031, 0.5516237155431833>,
		<0.2794046359762923, 0.8256232369604012, 0.49017374411881265>,
		<-0.5160464019327283, -0.4157366477182713, 0.7488974947240142>,
		<-0.2262960739257631, -0.0861026007919175, 0.9702443992405517>,
		<-0.38589326473676216, 0.3625193887959803, 0.8483262145460887>,
		<-0.7742766988368549, 0.3101595816776857, 0.5516230333302556>,
		<-0.8547157547709774, -0.17083972196283512, 0.49017308398569787>,
		<0.6180755556211746, -0.23902234605221925, 0.748896031732252>,
		<0.18771968576033857, -0.15291974526017338, 0.9702457787012544>,
		<-0.1210197488361916, -0.51544150257417, 0.8483275940067914>,
		<0.11852679069625259, -0.8256149225138658, 0.5516243914011435>,
		<0.5753147558495809, -0.6547660993250533, 0.49017574158500127>,
		<0.8839002032136409, 0.4157545862560281, 0.2141627643869344>,
		<0.8154998288398584, 0.08611137696337633, 0.5723122158572813>,
		<0.8531780850023876, -0.3625177181789557, 0.37504215370378174>,
		<0.9448604519728282, -0.31015791106066115, -0.10502906164786084>,
		<0.9638495585623931, 0.1708437610980044, -0.20445722417154819>,
		<-0.8020039175114385, 0.5575934813875799, 0.21416328460853956>,
		<-0.4823236712627543, 0.6631729159465671, 0.5723155792213497>,
		<-0.11262399453434399, 0.9201314454818599, 0.37504137508696966>,
		<-0.20381950412582553, 0.9733534414406974, -0.10502851934644257>,
		<-0.6298824946068753, 0.7492802537749026, -0.2044579813985454>,
		<-0.08189832190967573, -0.9733539032012435, 0.21416299662466984>,
		<-0.33318072952483385, -0.7492807155354486, 0.5723153126272948>,
		<-0.7405532702144915, -0.5575963116662709, 0.37504112988272964>,
		<-0.7410429707998618, -0.6631896456278454, -0.10502880802031055>,
		<-0.3339719433694023, -0.9201390127968402, -0.20445694846418475>,
		<0.20381880617101758, 0.973356271719645, 0.10502878593976717>,
		<0.629878940191042, 0.7492969834564378, 0.20445697054326764>,
		<0.8020032195566306, 0.5576010487028171, -0.21416301801521492>,
		<0.48232297330794643, 0.66317337770737, -0.572315312628025>,
		<0.11262329657953607, 0.9201319072426628, -0.3750411084936451>,
		<0.7405539681644624, -0.557593481387323, -0.37504139647751483>,
		<0.741046525210858, -0.6631729159463102, 0.10502981887412782>,
		<0.33397264131937326, -0.9201314454816031, 0.2044566818693997>,
		<0.08189901985964668, -0.9733534414404406, -0.21416326321945497>,
		<0.3331814274748048, -0.7492802537746458, -0.5723155792220799>,
		<-0.9448604519752468, -0.3101683578486309, 0.10502906164713058>,
		<-0.9638495585648117, 0.17083805134632415, 0.20445722417081794>,
		<-0.8839030596770849, 0.4157349771017604, -0.21416404183626703>,
		<-0.815499828842277, 0.08609856165726176, -0.5723122158580115>,
		<-0.8531752285437807, -0.36253732733322336, -0.37504087625590965>,
		<0.3858932647343437, 0.3625193887959803, -0.8483262145468188>,
		<0.7742766988344364, 0.3101595816776857, -0.5516230333309858>,
		<0.8547157547685588, -0.17083972196283512, -0.4901730839864281>,
		<0.5160464019303098, -0.4157366477182713, -0.7488974947247444>,
		<0.22629607392334455, -0.0861026007919175, -0.9702443992412819>,
		<-0.5069115250171917, 0.15291974526043017, -0.8483247515550565>,
		<-0.6557538117861221, 0.5154415025744268, -0.551625690930289>,
		<-0.2794049025669161, 0.8256149225141227, -0.49017444205731603>,
		<0.10203064224420823, 0.6547660993253102, -0.7488988741854471>,
		<-0.03857744197722604, 0.23902234605247605, -0.9702457787019846>,
		<0.1210200154219784, -0.5154427114660142, -0.8483268960697484>,
		<-0.11852652411046578, -0.8256184999238548, -0.5516236934641005>,
		<-0.5753116328027691, -0.6547835761376297, -0.490173766199356>,
		<-0.6180752890353878, -0.2390306604984978, -0.748895333795209>,
		<-0.1877194191745518, -0.1529209541520176, -0.9702450807642115>,
 }
	faces {
		[59, 54, 49],
		[49, 54, 45],
		[55, 59, 49],
		[54, 59, 50],
		[54, 53, 45],
		[55, 49, 48],
		[59, 58, 50],
		[45, 53, 33],
		[55, 48, 39],
		[50, 58, 43],
		[51, 52, 53, 54, 50],
		[56, 57, 58, 59, 55],
		[46, 47, 48, 49, 45],
		[56, 55, 39],
		[46, 45, 33],
		[51, 50, 43],
		[53, 34, 33],
		[39, 48, 35],
		[58, 44, 43],
		[53, 52, 34],
		[48, 47, 35],
		[58, 57, 44],
		[56, 39, 38],
		[51, 43, 42],
		[46, 33, 32],
		[52, 51, 24],
		[57, 56, 29],
		[47, 46, 19],
		[51, 42, 24],
		[34, 52, 23],
		[56, 38, 29],
		[35, 47, 18],
		[44, 57, 28],
		[46, 32, 19],
		[52, 24, 23],
		[57, 29, 28],
		[47, 19, 18],
		[36, 37, 38, 39, 35],
		[31, 32, 33, 34, 30],
		[41, 42, 43, 44, 40],
		[30, 34, 23],
		[36, 35, 18],
		[40, 44, 28],
		[24, 42, 20],
		[19, 32, 15],
		[29, 38, 25],
		[38, 37, 25],
		[42, 41, 20],
		[32, 31, 15],
		[40, 28, 27],
		[30, 23, 22],
		[36, 18, 17],
		[16, 17, 18, 19, 15],
		[26, 27, 28, 29, 25],
		[21, 22, 23, 24, 20],
		[41, 40, 9],
		[31, 30, 4],
		[37, 36, 14],
		[40, 27, 9],
		[15, 31, 3],
		[20, 41, 8],
		[30, 22, 4],
		[25, 37, 13],
		[36, 17, 14],
		[41, 9, 8],
		[31, 4, 3],
		[37, 14, 13],
		[16, 15, 3],
		[21, 20, 8],
		[26, 25, 13],
		[9, 27, 5],
		[4, 22, 0],
		[14, 17, 10],
		[17, 16, 10],
		[27, 26, 5],
		[22, 21, 0],
		[16, 3, 2],
		[21, 8, 7],
		[26, 13, 12],
		[6, 7, 8, 9, 5],
		[1, 2, 3, 4, 0],
		[11, 12, 13, 14, 10],
		[10, 16, 2],
		[21, 7, 0],
		[26, 12, 5],
		[11, 10, 2],
		[7, 1, 0],
		[12, 6, 5],
		[11, 2, 1],
		[7, 6, 1],
		[12, 11, 6],
		[6, 11, 1],
	}
}
